PORO                    2.50000e-01
PERM                    1.00000e-13 m2

NUMBER_X_NODES 22
NODES_X
    0.00000e+00    1.00000e+02    2.00000e+02    3.00000e+02    4.00000e+02    5.00000e+02    6.00000e+02    7.00000e+02    8.00000e+02    9.00000e+02    1.00000e+03    1.10000e+03    1.20000e+03    1.30000e+03    1.40000e+03    1.50000e+03    1.60000e+03    1.70000e+03    1.80000e+03    1.90000e+03    2.00000e+03    2.10000e+03
    0.00000e+00    1.00000e+02    2.00000e+02    3.00000e+02    4.00000e+02    5.00000e+02    6.00000e+02    7.00000e+02    8.00000e+02    9.00000e+02    1.00000e+03    1.10000e+03    1.20000e+03    1.30000e+03    1.40000e+03    1.50000e+03    1.60000e+03    1.70000e+03    1.80000e+03    1.90000e+03    2.00000e+03    2.10000e+03
    0.00000e+00    1.00000e+02    2.00000e+02    3.00000e+02    4.00000e+02    5.00000e+02    6.00000e+02    7.00000e+02    8.00000e+02    9.00000e+02    1.00000e+03    1.10000e+03    1.20000e+03    1.30000e+03    1.40000e+03    1.50000e+03    1.60000e+03    1.70000e+03    1.80000e+03    1.90000e+03    2.00000e+03    2.10000e+03
    0.00000e+00    1.00000e+02    2.00000e+02    3.00000e+02    4.00000e+02    5.00000e+02    6.00000e+02    7.00000e+02    8.00000e+02    9.00000e+02    1.00000e+03    1.10000e+03    1.20000e+03    1.30000e+03    1.40000e+03    1.50000e+03    1.60000e+03    1.70000e+03    1.80000e+03    1.90000e+03    2.00000e+03    2.10000e+03
    0.00000e+00    1.00000e+02    2.00000e+02    3.00000e+02    4.00000e+02    5.00000e+02    6.00000e+02    7.00000e+02    8.00000e+02    9.00000e+02    1.00000e+03    1.10000e+03    1.20000e+03    1.30000e+03    1.40000e+03    1.50000e+03    1.60000e+03    1.70000e+03    1.80000e+03    1.90000e+03    2.00000e+03    2.10000e+03
    0.00000e+00    1.00000e+02    2.00000e+02    3.00000e+02    4.00000e+02    5.00000e+02    6.00000e+02    7.00000e+02    8.00000e+02    9.00000e+02    1.00000e+03    1.10000e+03    1.20000e+03    1.30000e+03    1.40000e+03    1.50000e+03    1.60000e+03    1.70000e+03    1.80000e+03    1.90000e+03    2.00000e+03    2.10000e+03
    0.00000e+00    1.00000e+02    2.00000e+02    3.00000e+02    4.00000e+02    5.00000e+02    6.00000e+02    7.00000e+02    8.00000e+02    9.00000e+02    1.00000e+03    1.10000e+03    1.20000e+03    1.30000e+03    1.40000e+03    1.50000e+03    1.60000e+03    1.70000e+03    1.80000e+03    1.90000e+03    2.00000e+03    2.10000e+03
    0.00000e+00    1.00000e+02    2.00000e+02    3.00000e+02    4.00000e+02    5.00000e+02    6.00000e+02    7.00000e+02    8.00000e+02    9.00000e+02    1.00000e+03    1.10000e+03    1.20000e+03    1.30000e+03    1.40000e+03    1.50000e+03    1.60000e+03    1.70000e+03    1.80000e+03    1.90000e+03    2.00000e+03    2.10000e+03
    0.00000e+00    1.00000e+02    2.00000e+02    3.00000e+02    4.00000e+02    5.00000e+02    6.00000e+02    7.00000e+02    8.00000e+02    9.00000e+02    1.00000e+03    1.10000e+03    1.20000e+03    1.30000e+03    1.40000e+03    1.50000e+03    1.60000e+03    1.70000e+03    1.80000e+03    1.90000e+03    2.00000e+03    2.10000e+03
    0.00000e+00    1.00000e+02    2.00000e+02    3.00000e+02    4.00000e+02    5.00000e+02    6.00000e+02    7.00000e+02    8.00000e+02    9.00000e+02    1.00000e+03    1.10000e+03    1.20000e+03    1.30000e+03    1.40000e+03    1.50000e+03    1.60000e+03    1.70000e+03    1.80000e+03    1.90000e+03    2.00000e+03    2.10000e+03
    0.00000e+00    1.00000e+02    2.00000e+02    3.00000e+02    4.00000e+02    5.00000e+02    6.00000e+02    7.00000e+02    8.00000e+02    9.00000e+02    1.00000e+03    1.10000e+03    1.20000e+03    1.30000e+03    1.40000e+03    1.50000e+03    1.60000e+03    1.70000e+03    1.80000e+03    1.90000e+03    2.00000e+03    2.10000e+03
    0.00000e+00    1.00000e+02    2.00000e+02    3.00000e+02    4.00000e+02    5.00000e+02    6.00000e+02    7.00000e+02    8.00000e+02    9.00000e+02    1.00000e+03    1.10000e+03    1.20000e+03    1.30000e+03    1.40000e+03    1.50000e+03    1.60000e+03    1.70000e+03    1.80000e+03    1.90000e+03    2.00000e+03    2.10000e+03
    0.00000e+00    1.00000e+02    2.00000e+02    3.00000e+02    4.00000e+02    5.00000e+02    6.00000e+02    7.00000e+02    8.00000e+02    9.00000e+02    1.00000e+03    1.10000e+03    1.20000e+03    1.30000e+03    1.40000e+03    1.50000e+03    1.60000e+03    1.70000e+03    1.80000e+03    1.90000e+03    2.00000e+03    2.10000e+03
    0.00000e+00    1.00000e+02    2.00000e+02    3.00000e+02    4.00000e+02    5.00000e+02    6.00000e+02    7.00000e+02    8.00000e+02    9.00000e+02    1.00000e+03    1.10000e+03    1.20000e+03    1.30000e+03    1.40000e+03    1.50000e+03    1.60000e+03    1.70000e+03    1.80000e+03    1.90000e+03    2.00000e+03    2.10000e+03
    0.00000e+00    1.00000e+02    2.00000e+02    3.00000e+02    4.00000e+02    5.00000e+02    6.00000e+02    7.00000e+02    8.00000e+02    9.00000e+02    1.00000e+03    1.10000e+03    1.20000e+03    1.30000e+03    1.40000e+03    1.50000e+03    1.60000e+03    1.70000e+03    1.80000e+03    1.90000e+03    2.00000e+03    2.10000e+03
    0.00000e+00    1.00000e+02    2.00000e+02    3.00000e+02    4.00000e+02    5.00000e+02    6.00000e+02    7.00000e+02    8.00000e+02    9.00000e+02    1.00000e+03    1.10000e+03    1.20000e+03    1.30000e+03    1.40000e+03    1.50000e+03    1.60000e+03    1.70000e+03    1.80000e+03    1.90000e+03    2.00000e+03    2.10000e+03
    0.00000e+00    1.00000e+02    2.00000e+02    3.00000e+02    4.00000e+02    5.00000e+02    6.00000e+02    7.00000e+02    8.00000e+02    9.00000e+02    1.00000e+03    1.10000e+03    1.20000e+03    1.30000e+03    1.40000e+03    1.50000e+03    1.60000e+03    1.70000e+03    1.80000e+03    1.90000e+03    2.00000e+03    2.10000e+03
    0.00000e+00    1.00000e+02    2.00000e+02    3.00000e+02    4.00000e+02    5.00000e+02    6.00000e+02    7.00000e+02    8.00000e+02    9.00000e+02    1.00000e+03    1.10000e+03    1.20000e+03    1.30000e+03    1.40000e+03    1.50000e+03    1.60000e+03    1.70000e+03    1.80000e+03    1.90000e+03    2.00000e+03    2.10000e+03
    0.00000e+00    1.00000e+02    2.00000e+02    3.00000e+02    4.00000e+02    5.00000e+02    6.00000e+02    7.00000e+02    8.00000e+02    9.00000e+02    1.00000e+03    1.10000e+03    1.20000e+03    1.30000e+03    1.40000e+03    1.50000e+03    1.60000e+03    1.70000e+03    1.80000e+03    1.90000e+03    2.00000e+03    2.10000e+03
    0.00000e+00    1.00000e+02    2.00000e+02    3.00000e+02    4.00000e+02    5.00000e+02    6.00000e+02    7.00000e+02    8.00000e+02    9.00000e+02    1.00000e+03    1.10000e+03    1.20000e+03    1.30000e+03    1.40000e+03    1.50000e+03    1.60000e+03    1.70000e+03    1.80000e+03    1.90000e+03    2.00000e+03    2.10000e+03
    0.00000e+00    1.00000e+02    2.00000e+02    3.00000e+02    4.00000e+02    5.00000e+02    6.00000e+02    7.00000e+02    8.00000e+02    9.00000e+02    1.00000e+03    1.10000e+03    1.20000e+03    1.30000e+03    1.40000e+03    1.50000e+03    1.60000e+03    1.70000e+03    1.80000e+03    1.90000e+03    2.00000e+03    2.10000e+03
    0.00000e+00    1.00000e+02    2.00000e+02    3.00000e+02    4.00000e+02    5.00000e+02    6.00000e+02    7.00000e+02    8.00000e+02    9.00000e+02    1.00000e+03    1.10000e+03    1.20000e+03    1.30000e+03    1.40000e+03    1.50000e+03    1.60000e+03    1.70000e+03    1.80000e+03    1.90000e+03    2.00000e+03    2.10000e+03
\ m

NODES_Y
    0.00000e+00    0.00000e+00    0.00000e+00    0.00000e+00    0.00000e+00    0.00000e+00    0.00000e+00    0.00000e+00    0.00000e+00    0.00000e+00    0.00000e+00    0.00000e+00    0.00000e+00    0.00000e+00    0.00000e+00    0.00000e+00    0.00000e+00    0.00000e+00    0.00000e+00    0.00000e+00    0.00000e+00    0.00000e+00
    1.00000e+02    1.00000e+02    1.00000e+02    1.00000e+02    1.00000e+02    1.00000e+02    1.00000e+02    1.00000e+02    1.00000e+02    1.00000e+02    1.00000e+02    1.00000e+02    1.00000e+02    1.00000e+02    1.00000e+02    1.00000e+02    1.00000e+02    1.00000e+02    1.00000e+02    1.00000e+02    1.00000e+02    1.00000e+02
    2.00000e+02    2.00000e+02    2.00000e+02    2.00000e+02    2.00000e+02    2.00000e+02    2.00000e+02    2.00000e+02    2.00000e+02    2.00000e+02    2.00000e+02    2.00000e+02    2.00000e+02    2.00000e+02    2.00000e+02    2.00000e+02    2.00000e+02    2.00000e+02    2.00000e+02    2.00000e+02    2.00000e+02    2.00000e+02
    3.00000e+02    3.00000e+02    3.00000e+02    3.00000e+02    3.00000e+02    3.00000e+02    3.00000e+02    3.00000e+02    3.00000e+02    3.00000e+02    3.00000e+02    3.00000e+02    3.00000e+02    3.00000e+02    3.00000e+02    3.00000e+02    3.00000e+02    3.00000e+02    3.00000e+02    3.00000e+02    3.00000e+02    3.00000e+02
    4.00000e+02    4.00000e+02    4.00000e+02    4.00000e+02    4.00000e+02    4.00000e+02    4.00000e+02    4.00000e+02    4.00000e+02    4.00000e+02    4.00000e+02    4.00000e+02    4.00000e+02    4.00000e+02    4.00000e+02    4.00000e+02    4.00000e+02    4.00000e+02    4.00000e+02    4.00000e+02    4.00000e+02    4.00000e+02
    5.00000e+02    5.00000e+02    5.00000e+02    5.00000e+02    5.00000e+02    5.00000e+02    5.00000e+02    5.00000e+02    5.00000e+02    5.00000e+02    5.00000e+02    5.00000e+02    5.00000e+02    5.00000e+02    5.00000e+02    5.00000e+02    5.00000e+02    5.00000e+02    5.00000e+02    5.00000e+02    5.00000e+02    5.00000e+02
    6.00000e+02    6.00000e+02    6.00000e+02    6.00000e+02    6.00000e+02    6.00000e+02    6.00000e+02    6.00000e+02    6.00000e+02    6.00000e+02    6.00000e+02    6.00000e+02    6.00000e+02    6.00000e+02    6.00000e+02    6.00000e+02    6.00000e+02    6.00000e+02    6.00000e+02    6.00000e+02    6.00000e+02    6.00000e+02
    7.00000e+02    7.00000e+02    7.00000e+02    7.00000e+02    7.00000e+02    7.00000e+02    7.00000e+02    7.00000e+02    7.00000e+02    7.00000e+02    7.00000e+02    7.00000e+02    7.00000e+02    7.00000e+02    7.00000e+02    7.00000e+02    7.00000e+02    7.00000e+02    7.00000e+02    7.00000e+02    7.00000e+02    7.00000e+02
    8.00000e+02    8.00000e+02    8.00000e+02    8.00000e+02    8.00000e+02    8.00000e+02    8.00000e+02    8.00000e+02    8.00000e+02    8.00000e+02    8.00000e+02    8.00000e+02    8.00000e+02    8.00000e+02    8.00000e+02    8.00000e+02    8.00000e+02    8.00000e+02    8.00000e+02    8.00000e+02    8.00000e+02    8.00000e+02
    9.00000e+02    9.00000e+02    9.00000e+02    9.00000e+02    9.00000e+02    9.00000e+02    9.00000e+02    9.00000e+02    9.00000e+02    9.00000e+02    9.00000e+02    9.00000e+02    9.00000e+02    9.00000e+02    9.00000e+02    9.00000e+02    9.00000e+02    9.00000e+02    9.00000e+02    9.00000e+02    9.00000e+02    9.00000e+02
    1.00000e+03    1.00000e+03    1.00000e+03    1.00000e+03    1.00000e+03    1.00000e+03    1.00000e+03    1.00000e+03    1.00000e+03    1.00000e+03    1.00000e+03    1.00000e+03    1.00000e+03    1.00000e+03    1.00000e+03    1.00000e+03    1.00000e+03    1.00000e+03    1.00000e+03    1.00000e+03    1.00000e+03    1.00000e+03
    1.10000e+03    1.10000e+03    1.10000e+03    1.10000e+03    1.10000e+03    1.10000e+03    1.10000e+03    1.10000e+03    1.10000e+03    1.10000e+03    1.10000e+03    1.10000e+03    1.10000e+03    1.10000e+03    1.10000e+03    1.10000e+03    1.10000e+03    1.10000e+03    1.10000e+03    1.10000e+03    1.10000e+03    1.10000e+03
    1.20000e+03    1.20000e+03    1.20000e+03    1.20000e+03    1.20000e+03    1.20000e+03    1.20000e+03    1.20000e+03    1.20000e+03    1.20000e+03    1.20000e+03    1.20000e+03    1.20000e+03    1.20000e+03    1.20000e+03    1.20000e+03    1.20000e+03    1.20000e+03    1.20000e+03    1.20000e+03    1.20000e+03    1.20000e+03
    1.30000e+03    1.30000e+03    1.30000e+03    1.30000e+03    1.30000e+03    1.30000e+03    1.30000e+03    1.30000e+03    1.30000e+03    1.30000e+03    1.30000e+03    1.30000e+03    1.30000e+03    1.30000e+03    1.30000e+03    1.30000e+03    1.30000e+03    1.30000e+03    1.30000e+03    1.30000e+03    1.30000e+03    1.30000e+03
    1.40000e+03    1.40000e+03    1.40000e+03    1.40000e+03    1.40000e+03    1.40000e+03    1.40000e+03    1.40000e+03    1.40000e+03    1.40000e+03    1.40000e+03    1.40000e+03    1.40000e+03    1.40000e+03    1.40000e+03    1.40000e+03    1.40000e+03    1.40000e+03    1.40000e+03    1.40000e+03    1.40000e+03    1.40000e+03
    1.50000e+03    1.50000e+03    1.50000e+03    1.50000e+03    1.50000e+03    1.50000e+03    1.50000e+03    1.50000e+03    1.50000e+03    1.50000e+03    1.50000e+03    1.50000e+03    1.50000e+03    1.50000e+03    1.50000e+03    1.50000e+03    1.50000e+03    1.50000e+03    1.50000e+03    1.50000e+03    1.50000e+03    1.50000e+03
    1.60000e+03    1.60000e+03    1.60000e+03    1.60000e+03    1.60000e+03    1.60000e+03    1.60000e+03    1.60000e+03    1.60000e+03    1.60000e+03    1.60000e+03    1.60000e+03    1.60000e+03    1.60000e+03    1.60000e+03    1.60000e+03    1.60000e+03    1.60000e+03    1.60000e+03    1.60000e+03    1.60000e+03    1.60000e+03
    1.70000e+03    1.70000e+03    1.70000e+03    1.70000e+03    1.70000e+03    1.70000e+03    1.70000e+03    1.70000e+03    1.70000e+03    1.70000e+03    1.70000e+03    1.70000e+03    1.70000e+03    1.70000e+03    1.70000e+03    1.70000e+03    1.70000e+03    1.70000e+03    1.70000e+03    1.70000e+03    1.70000e+03    1.70000e+03
    1.80000e+03    1.80000e+03    1.80000e+03    1.80000e+03    1.80000e+03    1.80000e+03    1.80000e+03    1.80000e+03    1.80000e+03    1.80000e+03    1.80000e+03    1.80000e+03    1.80000e+03    1.80000e+03    1.80000e+03    1.80000e+03    1.80000e+03    1.80000e+03    1.80000e+03    1.80000e+03    1.80000e+03    1.80000e+03
    1.90000e+03    1.90000e+03    1.90000e+03    1.90000e+03    1.90000e+03    1.90000e+03    1.90000e+03    1.90000e+03    1.90000e+03    1.90000e+03    1.90000e+03    1.90000e+03    1.90000e+03    1.90000e+03    1.90000e+03    1.90000e+03    1.90000e+03    1.90000e+03    1.90000e+03    1.90000e+03    1.90000e+03    1.90000e+03
    2.00000e+03    2.00000e+03    2.00000e+03    2.00000e+03    2.00000e+03    2.00000e+03    2.00000e+03    2.00000e+03    2.00000e+03    2.00000e+03    2.00000e+03    2.00000e+03    2.00000e+03    2.00000e+03    2.00000e+03    2.00000e+03    2.00000e+03    2.00000e+03    2.00000e+03    2.00000e+03    2.00000e+03    2.00000e+03
    2.10000e+03    2.10000e+03    2.10000e+03    2.10000e+03    2.10000e+03    2.10000e+03    2.10000e+03    2.10000e+03    2.10000e+03    2.10000e+03    2.10000e+03    2.10000e+03    2.10000e+03    2.10000e+03    2.10000e+03    2.10000e+03    2.10000e+03    2.10000e+03    2.10000e+03    2.10000e+03    2.10000e+03    2.10000e+03
\ m
