   0.00000e+00   0.00000e+00   1.48594e+02
   1.00000e-01   0.00000e+00   1.48511e+02
   2.00000e-01   0.00000e+00   1.48396e+02
   3.00000e-01   0.00000e+00   1.48272e+02
   4.00000e-01   0.00000e+00   1.48150e+02
   5.00000e-01   0.00000e+00   1.48039e+02
   6.00000e-01   0.00000e+00   1.47945e+02
   7.00000e-01   0.00000e+00   1.47873e+02
   8.00000e-01   0.00000e+00   1.47823e+02
   9.00000e-01   0.00000e+00   1.47793e+02
   1.00000e+00   0.00000e+00   1.47783e+02
   1.10000e+00   0.00000e+00   1.47793e+02
   1.20000e+00   0.00000e+00   1.47823e+02
   1.30000e+00   0.00000e+00   1.47873e+02
   1.40000e+00   0.00000e+00   1.47945e+02
   1.50000e+00   0.00000e+00   1.48039e+02
   1.60000e+00   0.00000e+00   1.48150e+02
   1.70000e+00   0.00000e+00   1.48272e+02
   1.80000e+00   0.00000e+00   1.48396e+02
   1.90000e+00   0.00000e+00   1.48511e+02
   2.00000e+00   0.00000e+00   1.48594e+02
   2.10000e+00   0.00000e+00   1.46382e+02

   0.00000e+00   1.00000e-01   1.48511e+02
   1.00000e-01   1.00000e-01   1.48373e+02
   2.00000e-01   1.00000e-01   1.48236e+02
   3.00000e-01   1.00000e-01   1.48096e+02
   4.00000e-01   1.00000e-01   1.47962e+02
   5.00000e-01   1.00000e-01   1.47842e+02
   6.00000e-01   1.00000e-01   1.47743e+02
   7.00000e-01   1.00000e-01   1.47668e+02
   8.00000e-01   1.00000e-01   1.47617e+02
   9.00000e-01   1.00000e-01   1.47588e+02
   1.00000e+00   1.00000e-01   1.47578e+02
   1.10000e+00   1.00000e-01   1.47588e+02
   1.20000e+00   1.00000e-01   1.47617e+02
   1.30000e+00   1.00000e-01   1.47668e+02
   1.40000e+00   1.00000e-01   1.47743e+02
   1.50000e+00   1.00000e-01   1.47842e+02
   1.60000e+00   1.00000e-01   1.47962e+02
   1.70000e+00   1.00000e-01   1.48096e+02
   1.80000e+00   1.00000e-01   1.48236e+02
   1.90000e+00   1.00000e-01   1.48373e+02
   2.00000e+00   1.00000e-01   1.48511e+02
   2.10000e+00   1.00000e-01   1.46382e+02

   0.00000e+00   2.00000e-01   1.48396e+02
   1.00000e-01   2.00000e-01   1.48236e+02
   2.00000e-01   2.00000e-01   1.48075e+02
   3.00000e-01   2.00000e-01   1.47915e+02
   4.00000e-01   2.00000e-01   1.47760e+02
   5.00000e-01   2.00000e-01   1.47622e+02
   6.00000e-01   2.00000e-01   1.47516e+02
   7.00000e-01   2.00000e-01   1.47440e+02
   8.00000e-01   2.00000e-01   1.47390e+02
   9.00000e-01   2.00000e-01   1.47362e+02
   1.00000e+00   2.00000e-01   1.47352e+02
   1.10000e+00   2.00000e-01   1.47362e+02
   1.20000e+00   2.00000e-01   1.47390e+02
   1.30000e+00   2.00000e-01   1.47440e+02
   1.40000e+00   2.00000e-01   1.47516e+02
   1.50000e+00   2.00000e-01   1.47622e+02
   1.60000e+00   2.00000e-01   1.47760e+02
   1.70000e+00   2.00000e-01   1.47915e+02
   1.80000e+00   2.00000e-01   1.48075e+02
   1.90000e+00   2.00000e-01   1.48236e+02
   2.00000e+00   2.00000e-01   1.48396e+02
   2.10000e+00   2.00000e-01   1.46382e+02

   0.00000e+00   3.00000e-01   1.48272e+02
   1.00000e-01   3.00000e-01   1.48096e+02
   2.00000e-01   3.00000e-01   1.47915e+02
   3.00000e-01   3.00000e-01   1.47728e+02
   4.00000e-01   3.00000e-01   1.47541e+02
   5.00000e-01   3.00000e-01   1.47371e+02
   6.00000e-01   3.00000e-01   1.47257e+02
   7.00000e-01   3.00000e-01   1.47185e+02
   8.00000e-01   3.00000e-01   1.47140e+02
   9.00000e-01   3.00000e-01   1.47116e+02
   1.00000e+00   3.00000e-01   1.47108e+02
   1.10000e+00   3.00000e-01   1.47116e+02
   1.20000e+00   3.00000e-01   1.47140e+02
   1.30000e+00   3.00000e-01   1.47185e+02
   1.40000e+00   3.00000e-01   1.47257e+02
   1.50000e+00   3.00000e-01   1.47371e+02
   1.60000e+00   3.00000e-01   1.47541e+02
   1.70000e+00   3.00000e-01   1.47728e+02
   1.80000e+00   3.00000e-01   1.47915e+02
   1.90000e+00   3.00000e-01   1.48096e+02
   2.00000e+00   3.00000e-01   1.48272e+02
   2.10000e+00   3.00000e-01   1.46382e+02

   0.00000e+00   4.00000e-01   1.48150e+02
   1.00000e-01   4.00000e-01   1.47962e+02
   2.00000e-01   4.00000e-01   1.47760e+02
   3.00000e-01   4.00000e-01   1.47541e+02
   4.00000e-01   4.00000e-01   1.47303e+02
   5.00000e-01   4.00000e-01   1.47064e+02
   6.00000e-01   4.00000e-01   1.46956e+02
   7.00000e-01   4.00000e-01   1.46901e+02
   8.00000e-01   4.00000e-01   1.46870e+02
   9.00000e-01   4.00000e-01   1.46853e+02
   1.00000e+00   4.00000e-01   1.46848e+02
   1.10000e+00   4.00000e-01   1.46853e+02
   1.20000e+00   4.00000e-01   1.46870e+02
   1.30000e+00   4.00000e-01   1.46901e+02
   1.40000e+00   4.00000e-01   1.46956e+02
   1.50000e+00   4.00000e-01   1.47064e+02
   1.60000e+00   4.00000e-01   1.47303e+02
   1.70000e+00   4.00000e-01   1.47541e+02
   1.80000e+00   4.00000e-01   1.47760e+02
   1.90000e+00   4.00000e-01   1.47962e+02
   2.00000e+00   4.00000e-01   1.48150e+02
   2.10000e+00   4.00000e-01   1.46382e+02

   0.00000e+00   5.00000e-01   1.48039e+02
   1.00000e-01   5.00000e-01   1.47842e+02
   2.00000e-01   5.00000e-01   1.47622e+02
   3.00000e-01   5.00000e-01   1.47371e+02
   4.00000e-01   5.00000e-01   1.47064e+02
   5.00000e-01   5.00000e-01   1.46627e+02
   6.00000e-01   5.00000e-01   1.46603e+02
   7.00000e-01   5.00000e-01   1.46592e+02
   8.00000e-01   5.00000e-01   1.46584e+02
   9.00000e-01   5.00000e-01   1.46579e+02
   1.00000e+00   5.00000e-01   1.46576e+02
   1.10000e+00   5.00000e-01   1.46579e+02
   1.20000e+00   5.00000e-01   1.46584e+02
   1.30000e+00   5.00000e-01   1.46592e+02
   1.40000e+00   5.00000e-01   1.46603e+02
   1.50000e+00   5.00000e-01   1.46627e+02
   1.60000e+00   5.00000e-01   1.47064e+02
   1.70000e+00   5.00000e-01   1.47371e+02
   1.80000e+00   5.00000e-01   1.47622e+02
   1.90000e+00   5.00000e-01   1.47842e+02
   2.00000e+00   5.00000e-01   1.48039e+02
   2.10000e+00   5.00000e-01   1.46382e+02

   0.00000e+00   6.00000e-01   1.47945e+02
   1.00000e-01   6.00000e-01   1.47743e+02
   2.00000e-01   6.00000e-01   1.47516e+02
   3.00000e-01   6.00000e-01   1.47257e+02
   4.00000e-01   6.00000e-01   1.46956e+02
   5.00000e-01   6.00000e-01   1.46603e+02
   6.00000e-01   6.00000e-01   1.46590e+02
   7.00000e-01   6.00000e-01   1.46581e+02
   8.00000e-01   6.00000e-01   1.46573e+02
   9.00000e-01   6.00000e-01   1.46567e+02
   1.00000e+00   6.00000e-01   1.46564e+02
   1.10000e+00   6.00000e-01   1.46567e+02
   1.20000e+00   6.00000e-01   1.46573e+02
   1.30000e+00   6.00000e-01   1.46581e+02
   1.40000e+00   6.00000e-01   1.46590e+02
   1.50000e+00   6.00000e-01   1.46603e+02
   1.60000e+00   6.00000e-01   1.46956e+02
   1.70000e+00   6.00000e-01   1.47257e+02
   1.80000e+00   6.00000e-01   1.47516e+02
   1.90000e+00   6.00000e-01   1.47743e+02
   2.00000e+00   6.00000e-01   1.47945e+02
   2.10000e+00   6.00000e-01   1.46382e+02

   0.00000e+00   7.00000e-01   1.47873e+02
   1.00000e-01   7.00000e-01   1.47668e+02
   2.00000e-01   7.00000e-01   1.47440e+02
   3.00000e-01   7.00000e-01   1.47185e+02
   4.00000e-01   7.00000e-01   1.46901e+02
   5.00000e-01   7.00000e-01   1.46592e+02
   6.00000e-01   7.00000e-01   1.46581e+02
   7.00000e-01   7.00000e-01   1.46572e+02
   8.00000e-01   7.00000e-01   1.46562e+02
   9.00000e-01   7.00000e-01   1.46553e+02
   1.00000e+00   7.00000e-01   1.46549e+02
   1.10000e+00   7.00000e-01   1.46553e+02
   1.20000e+00   7.00000e-01   1.46562e+02
   1.30000e+00   7.00000e-01   1.46572e+02
   1.40000e+00   7.00000e-01   1.46581e+02
   1.50000e+00   7.00000e-01   1.46592e+02
   1.60000e+00   7.00000e-01   1.46901e+02
   1.70000e+00   7.00000e-01   1.47185e+02
   1.80000e+00   7.00000e-01   1.47440e+02
   1.90000e+00   7.00000e-01   1.47668e+02
   2.00000e+00   7.00000e-01   1.47873e+02
   2.10000e+00   7.00000e-01   1.46382e+02

   0.00000e+00   8.00000e-01   1.47823e+02
   1.00000e-01   8.00000e-01   1.47617e+02
   2.00000e-01   8.00000e-01   1.47390e+02
   3.00000e-01   8.00000e-01   1.47140e+02
   4.00000e-01   8.00000e-01   1.46870e+02
   5.00000e-01   8.00000e-01   1.46584e+02
   6.00000e-01   8.00000e-01   1.46573e+02
   7.00000e-01   8.00000e-01   1.46562e+02
   8.00000e-01   8.00000e-01   1.46548e+02
   9.00000e-01   8.00000e-01   1.46534e+02
   1.00000e+00   8.00000e-01   1.46525e+02
   1.10000e+00   8.00000e-01   1.46534e+02
   1.20000e+00   8.00000e-01   1.46548e+02
   1.30000e+00   8.00000e-01   1.46562e+02
   1.40000e+00   8.00000e-01   1.46573e+02
   1.50000e+00   8.00000e-01   1.46584e+02
   1.60000e+00   8.00000e-01   1.46870e+02
   1.70000e+00   8.00000e-01   1.47140e+02
   1.80000e+00   8.00000e-01   1.47390e+02
   1.90000e+00   8.00000e-01   1.47617e+02
   2.00000e+00   8.00000e-01   1.47823e+02
   2.10000e+00   8.00000e-01   1.46382e+02

   0.00000e+00   9.00000e-01   1.47793e+02
   1.00000e-01   9.00000e-01   1.47588e+02
   2.00000e-01   9.00000e-01   1.47362e+02
   3.00000e-01   9.00000e-01   1.47116e+02
   4.00000e-01   9.00000e-01   1.46853e+02
   5.00000e-01   9.00000e-01   1.46579e+02
   6.00000e-01   9.00000e-01   1.46567e+02
   7.00000e-01   9.00000e-01   1.46553e+02
   8.00000e-01   9.00000e-01   1.46534e+02
   9.00000e-01   9.00000e-01   1.46508e+02
   1.00000e+00   9.00000e-01   1.46481e+02
   1.10000e+00   9.00000e-01   1.46508e+02
   1.20000e+00   9.00000e-01   1.46534e+02
   1.30000e+00   9.00000e-01   1.46553e+02
   1.40000e+00   9.00000e-01   1.46567e+02
   1.50000e+00   9.00000e-01   1.46579e+02
   1.60000e+00   9.00000e-01   1.46853e+02
   1.70000e+00   9.00000e-01   1.47116e+02
   1.80000e+00   9.00000e-01   1.47362e+02
   1.90000e+00   9.00000e-01   1.47588e+02
   2.00000e+00   9.00000e-01   1.47793e+02
   2.10000e+00   9.00000e-01   1.46382e+02

   0.00000e+00   1.00000e+00   1.47783e+02
   1.00000e-01   1.00000e+00   1.47578e+02
   2.00000e-01   1.00000e+00   1.47352e+02
   3.00000e-01   1.00000e+00   1.47108e+02
   4.00000e-01   1.00000e+00   1.46848e+02
   5.00000e-01   1.00000e+00   1.46576e+02
   6.00000e-01   1.00000e+00   1.46564e+02
   7.00000e-01   1.00000e+00   1.46549e+02
   8.00000e-01   1.00000e+00   1.46525e+02
   9.00000e-01   1.00000e+00   1.46481e+02
   1.00000e+00   1.00000e+00   1.46382e+02
   1.10000e+00   1.00000e+00   1.46481e+02
   1.20000e+00   1.00000e+00   1.46525e+02
   1.30000e+00   1.00000e+00   1.46549e+02
   1.40000e+00   1.00000e+00   1.46564e+02
   1.50000e+00   1.00000e+00   1.46576e+02
   1.60000e+00   1.00000e+00   1.46848e+02
   1.70000e+00   1.00000e+00   1.47108e+02
   1.80000e+00   1.00000e+00   1.47352e+02
   1.90000e+00   1.00000e+00   1.47578e+02
   2.00000e+00   1.00000e+00   1.47783e+02
   2.10000e+00   1.00000e+00   1.46382e+02

   0.00000e+00   1.10000e+00   1.47793e+02
   1.00000e-01   1.10000e+00   1.47588e+02
   2.00000e-01   1.10000e+00   1.47362e+02
   3.00000e-01   1.10000e+00   1.47116e+02
   4.00000e-01   1.10000e+00   1.46853e+02
   5.00000e-01   1.10000e+00   1.46579e+02
   6.00000e-01   1.10000e+00   1.46567e+02
   7.00000e-01   1.10000e+00   1.46553e+02
   8.00000e-01   1.10000e+00   1.46534e+02
   9.00000e-01   1.10000e+00   1.46508e+02
   1.00000e+00   1.10000e+00   1.46481e+02
   1.10000e+00   1.10000e+00   1.46508e+02
   1.20000e+00   1.10000e+00   1.46534e+02
   1.30000e+00   1.10000e+00   1.46553e+02
   1.40000e+00   1.10000e+00   1.46567e+02
   1.50000e+00   1.10000e+00   1.46579e+02
   1.60000e+00   1.10000e+00   1.46853e+02
   1.70000e+00   1.10000e+00   1.47116e+02
   1.80000e+00   1.10000e+00   1.47362e+02
   1.90000e+00   1.10000e+00   1.47588e+02
   2.00000e+00   1.10000e+00   1.47793e+02
   2.10000e+00   1.10000e+00   1.46382e+02

   0.00000e+00   1.20000e+00   1.47823e+02
   1.00000e-01   1.20000e+00   1.47617e+02
   2.00000e-01   1.20000e+00   1.47390e+02
   3.00000e-01   1.20000e+00   1.47140e+02
   4.00000e-01   1.20000e+00   1.46870e+02
   5.00000e-01   1.20000e+00   1.46584e+02
   6.00000e-01   1.20000e+00   1.46573e+02
   7.00000e-01   1.20000e+00   1.46562e+02
   8.00000e-01   1.20000e+00   1.46548e+02
   9.00000e-01   1.20000e+00   1.46534e+02
   1.00000e+00   1.20000e+00   1.46525e+02
   1.10000e+00   1.20000e+00   1.46534e+02
   1.20000e+00   1.20000e+00   1.46548e+02
   1.30000e+00   1.20000e+00   1.46562e+02
   1.40000e+00   1.20000e+00   1.46573e+02
   1.50000e+00   1.20000e+00   1.46584e+02
   1.60000e+00   1.20000e+00   1.46870e+02
   1.70000e+00   1.20000e+00   1.47140e+02
   1.80000e+00   1.20000e+00   1.47390e+02
   1.90000e+00   1.20000e+00   1.47617e+02
   2.00000e+00   1.20000e+00   1.47823e+02
   2.10000e+00   1.20000e+00   1.46382e+02

   0.00000e+00   1.30000e+00   1.47873e+02
   1.00000e-01   1.30000e+00   1.47668e+02
   2.00000e-01   1.30000e+00   1.47440e+02
   3.00000e-01   1.30000e+00   1.47185e+02
   4.00000e-01   1.30000e+00   1.46901e+02
   5.00000e-01   1.30000e+00   1.46592e+02
   6.00000e-01   1.30000e+00   1.46581e+02
   7.00000e-01   1.30000e+00   1.46572e+02
   8.00000e-01   1.30000e+00   1.46562e+02
   9.00000e-01   1.30000e+00   1.46553e+02
   1.00000e+00   1.30000e+00   1.46549e+02
   1.10000e+00   1.30000e+00   1.46553e+02
   1.20000e+00   1.30000e+00   1.46562e+02
   1.30000e+00   1.30000e+00   1.46572e+02
   1.40000e+00   1.30000e+00   1.46581e+02
   1.50000e+00   1.30000e+00   1.46592e+02
   1.60000e+00   1.30000e+00   1.46901e+02
   1.70000e+00   1.30000e+00   1.47185e+02
   1.80000e+00   1.30000e+00   1.47440e+02
   1.90000e+00   1.30000e+00   1.47668e+02
   2.00000e+00   1.30000e+00   1.47873e+02
   2.10000e+00   1.30000e+00   1.46382e+02

   0.00000e+00   1.40000e+00   1.47945e+02
   1.00000e-01   1.40000e+00   1.47743e+02
   2.00000e-01   1.40000e+00   1.47516e+02
   3.00000e-01   1.40000e+00   1.47257e+02
   4.00000e-01   1.40000e+00   1.46956e+02
   5.00000e-01   1.40000e+00   1.46603e+02
   6.00000e-01   1.40000e+00   1.46590e+02
   7.00000e-01   1.40000e+00   1.46581e+02
   8.00000e-01   1.40000e+00   1.46573e+02
   9.00000e-01   1.40000e+00   1.46567e+02
   1.00000e+00   1.40000e+00   1.46564e+02
   1.10000e+00   1.40000e+00   1.46567e+02
   1.20000e+00   1.40000e+00   1.46573e+02
   1.30000e+00   1.40000e+00   1.46581e+02
   1.40000e+00   1.40000e+00   1.46590e+02
   1.50000e+00   1.40000e+00   1.46603e+02
   1.60000e+00   1.40000e+00   1.46956e+02
   1.70000e+00   1.40000e+00   1.47257e+02
   1.80000e+00   1.40000e+00   1.47516e+02
   1.90000e+00   1.40000e+00   1.47743e+02
   2.00000e+00   1.40000e+00   1.47945e+02
   2.10000e+00   1.40000e+00   1.46382e+02

   0.00000e+00   1.50000e+00   1.48039e+02
   1.00000e-01   1.50000e+00   1.47842e+02
   2.00000e-01   1.50000e+00   1.47622e+02
   3.00000e-01   1.50000e+00   1.47371e+02
   4.00000e-01   1.50000e+00   1.47064e+02
   5.00000e-01   1.50000e+00   1.46627e+02
   6.00000e-01   1.50000e+00   1.46603e+02
   7.00000e-01   1.50000e+00   1.46592e+02
   8.00000e-01   1.50000e+00   1.46584e+02
   9.00000e-01   1.50000e+00   1.46579e+02
   1.00000e+00   1.50000e+00   1.46576e+02
   1.10000e+00   1.50000e+00   1.46579e+02
   1.20000e+00   1.50000e+00   1.46584e+02
   1.30000e+00   1.50000e+00   1.46592e+02
   1.40000e+00   1.50000e+00   1.46603e+02
   1.50000e+00   1.50000e+00   1.46627e+02
   1.60000e+00   1.50000e+00   1.47064e+02
   1.70000e+00   1.50000e+00   1.47371e+02
   1.80000e+00   1.50000e+00   1.47622e+02
   1.90000e+00   1.50000e+00   1.47842e+02
   2.00000e+00   1.50000e+00   1.48039e+02
   2.10000e+00   1.50000e+00   1.46382e+02

   0.00000e+00   1.60000e+00   1.48150e+02
   1.00000e-01   1.60000e+00   1.47962e+02
   2.00000e-01   1.60000e+00   1.47760e+02
   3.00000e-01   1.60000e+00   1.47541e+02
   4.00000e-01   1.60000e+00   1.47303e+02
   5.00000e-01   1.60000e+00   1.47064e+02
   6.00000e-01   1.60000e+00   1.46956e+02
   7.00000e-01   1.60000e+00   1.46901e+02
   8.00000e-01   1.60000e+00   1.46870e+02
   9.00000e-01   1.60000e+00   1.46853e+02
   1.00000e+00   1.60000e+00   1.46848e+02
   1.10000e+00   1.60000e+00   1.46853e+02
   1.20000e+00   1.60000e+00   1.46870e+02
   1.30000e+00   1.60000e+00   1.46901e+02
   1.40000e+00   1.60000e+00   1.46956e+02
   1.50000e+00   1.60000e+00   1.47064e+02
   1.60000e+00   1.60000e+00   1.47303e+02
   1.70000e+00   1.60000e+00   1.47541e+02
   1.80000e+00   1.60000e+00   1.47760e+02
   1.90000e+00   1.60000e+00   1.47962e+02
   2.00000e+00   1.60000e+00   1.48150e+02
   2.10000e+00   1.60000e+00   1.46382e+02

   0.00000e+00   1.70000e+00   1.48272e+02
   1.00000e-01   1.70000e+00   1.48096e+02
   2.00000e-01   1.70000e+00   1.47915e+02
   3.00000e-01   1.70000e+00   1.47728e+02
   4.00000e-01   1.70000e+00   1.47541e+02
   5.00000e-01   1.70000e+00   1.47371e+02
   6.00000e-01   1.70000e+00   1.47257e+02
   7.00000e-01   1.70000e+00   1.47185e+02
   8.00000e-01   1.70000e+00   1.47140e+02
   9.00000e-01   1.70000e+00   1.47116e+02
   1.00000e+00   1.70000e+00   1.47108e+02
   1.10000e+00   1.70000e+00   1.47116e+02
   1.20000e+00   1.70000e+00   1.47140e+02
   1.30000e+00   1.70000e+00   1.47185e+02
   1.40000e+00   1.70000e+00   1.47257e+02
   1.50000e+00   1.70000e+00   1.47371e+02
   1.60000e+00   1.70000e+00   1.47541e+02
   1.70000e+00   1.70000e+00   1.47728e+02
   1.80000e+00   1.70000e+00   1.47915e+02
   1.90000e+00   1.70000e+00   1.48096e+02
   2.00000e+00   1.70000e+00   1.48272e+02
   2.10000e+00   1.70000e+00   1.46382e+02

   0.00000e+00   1.80000e+00   1.48396e+02
   1.00000e-01   1.80000e+00   1.48236e+02
   2.00000e-01   1.80000e+00   1.48075e+02
   3.00000e-01   1.80000e+00   1.47915e+02
   4.00000e-01   1.80000e+00   1.47760e+02
   5.00000e-01   1.80000e+00   1.47622e+02
   6.00000e-01   1.80000e+00   1.47516e+02
   7.00000e-01   1.80000e+00   1.47440e+02
   8.00000e-01   1.80000e+00   1.47390e+02
   9.00000e-01   1.80000e+00   1.47362e+02
   1.00000e+00   1.80000e+00   1.47352e+02
   1.10000e+00   1.80000e+00   1.47362e+02
   1.20000e+00   1.80000e+00   1.47390e+02
   1.30000e+00   1.80000e+00   1.47440e+02
   1.40000e+00   1.80000e+00   1.47516e+02
   1.50000e+00   1.80000e+00   1.47622e+02
   1.60000e+00   1.80000e+00   1.47760e+02
   1.70000e+00   1.80000e+00   1.47915e+02
   1.80000e+00   1.80000e+00   1.48075e+02
   1.90000e+00   1.80000e+00   1.48236e+02
   2.00000e+00   1.80000e+00   1.48396e+02
   2.10000e+00   1.80000e+00   1.46382e+02

   0.00000e+00   1.90000e+00   1.48511e+02
   1.00000e-01   1.90000e+00   1.48373e+02
   2.00000e-01   1.90000e+00   1.48236e+02
   3.00000e-01   1.90000e+00   1.48096e+02
   4.00000e-01   1.90000e+00   1.47962e+02
   5.00000e-01   1.90000e+00   1.47842e+02
   6.00000e-01   1.90000e+00   1.47743e+02
   7.00000e-01   1.90000e+00   1.47668e+02
   8.00000e-01   1.90000e+00   1.47617e+02
   9.00000e-01   1.90000e+00   1.47588e+02
   1.00000e+00   1.90000e+00   1.47578e+02
   1.10000e+00   1.90000e+00   1.47588e+02
   1.20000e+00   1.90000e+00   1.47617e+02
   1.30000e+00   1.90000e+00   1.47668e+02
   1.40000e+00   1.90000e+00   1.47743e+02
   1.50000e+00   1.90000e+00   1.47842e+02
   1.60000e+00   1.90000e+00   1.47962e+02
   1.70000e+00   1.90000e+00   1.48096e+02
   1.80000e+00   1.90000e+00   1.48236e+02
   1.90000e+00   1.90000e+00   1.48373e+02
   2.00000e+00   1.90000e+00   1.48511e+02
   2.10000e+00   1.90000e+00   1.46382e+02

   0.00000e+00   2.00000e+00   1.48594e+02
   1.00000e-01   2.00000e+00   1.48511e+02
   2.00000e-01   2.00000e+00   1.48396e+02
   3.00000e-01   2.00000e+00   1.48272e+02
   4.00000e-01   2.00000e+00   1.48150e+02
   5.00000e-01   2.00000e+00   1.48039e+02
   6.00000e-01   2.00000e+00   1.47945e+02
   7.00000e-01   2.00000e+00   1.47873e+02
   8.00000e-01   2.00000e+00   1.47823e+02
   9.00000e-01   2.00000e+00   1.47793e+02
   1.00000e+00   2.00000e+00   1.47783e+02
   1.10000e+00   2.00000e+00   1.47793e+02
   1.20000e+00   2.00000e+00   1.47823e+02
   1.30000e+00   2.00000e+00   1.47873e+02
   1.40000e+00   2.00000e+00   1.47945e+02
   1.50000e+00   2.00000e+00   1.48039e+02
   1.60000e+00   2.00000e+00   1.48150e+02
   1.70000e+00   2.00000e+00   1.48272e+02
   1.80000e+00   2.00000e+00   1.48396e+02
   1.90000e+00   2.00000e+00   1.48511e+02
   2.00000e+00   2.00000e+00   1.48594e+02
   2.10000e+00   2.00000e+00   1.46382e+02

   0.00000e+00   2.10000e+00   1.46382e+02
   1.00000e-01   2.10000e+00   1.46382e+02
   2.00000e-01   2.10000e+00   1.46382e+02
   3.00000e-01   2.10000e+00   1.46382e+02
   4.00000e-01   2.10000e+00   1.46382e+02
   5.00000e-01   2.10000e+00   1.46382e+02
   6.00000e-01   2.10000e+00   1.46382e+02
   7.00000e-01   2.10000e+00   1.46382e+02
   8.00000e-01   2.10000e+00   1.46382e+02
   9.00000e-01   2.10000e+00   1.46382e+02
   1.00000e+00   2.10000e+00   1.46382e+02
   1.10000e+00   2.10000e+00   1.46382e+02
   1.20000e+00   2.10000e+00   1.46382e+02
   1.30000e+00   2.10000e+00   1.46382e+02
   1.40000e+00   2.10000e+00   1.46382e+02
   1.50000e+00   2.10000e+00   1.46382e+02
   1.60000e+00   2.10000e+00   1.46382e+02
   1.70000e+00   2.10000e+00   1.46382e+02
   1.80000e+00   2.10000e+00   1.46382e+02
   1.90000e+00   2.10000e+00   1.46382e+02
   2.00000e+00   2.10000e+00   1.46382e+02
   2.10000e+00   2.10000e+00   1.46382e+02

