   0.00000e+00   0.00000e+00   1.00000e+00
   1.00000e-01   0.00000e+00   1.00000e+00
   2.00000e-01   0.00000e+00   1.00000e+00
   3.00000e-01   0.00000e+00   1.00000e+00
   4.00000e-01   0.00000e+00   1.00000e+00
   5.00000e-01   0.00000e+00   1.00000e+00
   6.00000e-01   0.00000e+00   1.00000e+00
   7.00000e-01   0.00000e+00   1.00000e+00
   8.00000e-01   0.00000e+00   1.00000e+00
   9.00000e-01   0.00000e+00   1.00000e+00
   1.00000e+00   0.00000e+00   1.00000e+00
   1.10000e+00   0.00000e+00   1.00000e+00
   1.20000e+00   0.00000e+00   1.00000e+00
   1.30000e+00   0.00000e+00   1.00000e+00
   1.40000e+00   0.00000e+00   1.00000e+00
   1.50000e+00   0.00000e+00   1.00000e+00
   1.60000e+00   0.00000e+00   1.00000e+00
   1.70000e+00   0.00000e+00   1.00000e+00
   1.80000e+00   0.00000e+00   1.00000e+00
   1.90000e+00   0.00000e+00   1.00000e+00
   2.00000e+00   0.00000e+00   1.00000e+00
   2.10000e+00   0.00000e+00   2.00027e-01

   0.00000e+00   1.00000e-01   1.00000e+00
   1.00000e-01   1.00000e-01   1.00000e+00
   2.00000e-01   1.00000e-01   1.00000e+00
   3.00000e-01   1.00000e-01   1.00000e+00
   4.00000e-01   1.00000e-01   1.00000e+00
   5.00000e-01   1.00000e-01   1.00000e+00
   6.00000e-01   1.00000e-01   1.00000e+00
   7.00000e-01   1.00000e-01   1.00000e+00
   8.00000e-01   1.00000e-01   1.00000e+00
   9.00000e-01   1.00000e-01   1.00000e+00
   1.00000e+00   1.00000e-01   1.00000e+00
   1.10000e+00   1.00000e-01   1.00000e+00
   1.20000e+00   1.00000e-01   1.00000e+00
   1.30000e+00   1.00000e-01   1.00000e+00
   1.40000e+00   1.00000e-01   1.00000e+00
   1.50000e+00   1.00000e-01   1.00000e+00
   1.60000e+00   1.00000e-01   1.00000e+00
   1.70000e+00   1.00000e-01   1.00000e+00
   1.80000e+00   1.00000e-01   1.00000e+00
   1.90000e+00   1.00000e-01   1.00000e+00
   2.00000e+00   1.00000e-01   1.00000e+00
   2.10000e+00   1.00000e-01   2.00027e-01

   0.00000e+00   2.00000e-01   1.00000e+00
   1.00000e-01   2.00000e-01   1.00000e+00
   2.00000e-01   2.00000e-01   1.00000e+00
   3.00000e-01   2.00000e-01   1.00000e+00
   4.00000e-01   2.00000e-01   1.00000e+00
   5.00000e-01   2.00000e-01   1.00000e+00
   6.00000e-01   2.00000e-01   1.00000e+00
   7.00000e-01   2.00000e-01   1.00000e+00
   8.00000e-01   2.00000e-01   1.00000e+00
   9.00000e-01   2.00000e-01   1.00000e+00
   1.00000e+00   2.00000e-01   1.00000e+00
   1.10000e+00   2.00000e-01   1.00000e+00
   1.20000e+00   2.00000e-01   1.00000e+00
   1.30000e+00   2.00000e-01   1.00000e+00
   1.40000e+00   2.00000e-01   1.00000e+00
   1.50000e+00   2.00000e-01   1.00000e+00
   1.60000e+00   2.00000e-01   1.00000e+00
   1.70000e+00   2.00000e-01   1.00000e+00
   1.80000e+00   2.00000e-01   1.00000e+00
   1.90000e+00   2.00000e-01   1.00000e+00
   2.00000e+00   2.00000e-01   1.00000e+00
   2.10000e+00   2.00000e-01   2.00027e-01

   0.00000e+00   3.00000e-01   1.00000e+00
   1.00000e-01   3.00000e-01   1.00000e+00
   2.00000e-01   3.00000e-01   1.00000e+00
   3.00000e-01   3.00000e-01   1.00000e+00
   4.00000e-01   3.00000e-01   1.00000e+00
   5.00000e-01   3.00000e-01   1.00000e+00
   6.00000e-01   3.00000e-01   1.00000e+00
   7.00000e-01   3.00000e-01   1.00000e+00
   8.00000e-01   3.00000e-01   1.00000e+00
   9.00000e-01   3.00000e-01   1.00000e+00
   1.00000e+00   3.00000e-01   1.00000e+00
   1.10000e+00   3.00000e-01   1.00000e+00
   1.20000e+00   3.00000e-01   1.00000e+00
   1.30000e+00   3.00000e-01   1.00000e+00
   1.40000e+00   3.00000e-01   1.00000e+00
   1.50000e+00   3.00000e-01   1.00000e+00
   1.60000e+00   3.00000e-01   1.00000e+00
   1.70000e+00   3.00000e-01   1.00000e+00
   1.80000e+00   3.00000e-01   1.00000e+00
   1.90000e+00   3.00000e-01   1.00000e+00
   2.00000e+00   3.00000e-01   1.00000e+00
   2.10000e+00   3.00000e-01   2.00027e-01

   0.00000e+00   4.00000e-01   1.00000e+00
   1.00000e-01   4.00000e-01   1.00000e+00
   2.00000e-01   4.00000e-01   1.00000e+00
   3.00000e-01   4.00000e-01   1.00000e+00
   4.00000e-01   4.00000e-01   1.00000e+00
   5.00000e-01   4.00000e-01   1.00000e+00
   6.00000e-01   4.00000e-01   1.00000e+00
   7.00000e-01   4.00000e-01   1.00000e+00
   8.00000e-01   4.00000e-01   1.00000e+00
   9.00000e-01   4.00000e-01   1.00000e+00
   1.00000e+00   4.00000e-01   1.00000e+00
   1.10000e+00   4.00000e-01   1.00000e+00
   1.20000e+00   4.00000e-01   1.00000e+00
   1.30000e+00   4.00000e-01   1.00000e+00
   1.40000e+00   4.00000e-01   1.00000e+00
   1.50000e+00   4.00000e-01   1.00000e+00
   1.60000e+00   4.00000e-01   1.00000e+00
   1.70000e+00   4.00000e-01   1.00000e+00
   1.80000e+00   4.00000e-01   1.00000e+00
   1.90000e+00   4.00000e-01   1.00000e+00
   2.00000e+00   4.00000e-01   1.00000e+00
   2.10000e+00   4.00000e-01   2.00027e-01

   0.00000e+00   5.00000e-01   1.00000e+00
   1.00000e-01   5.00000e-01   1.00000e+00
   2.00000e-01   5.00000e-01   1.00000e+00
   3.00000e-01   5.00000e-01   1.00000e+00
   4.00000e-01   5.00000e-01   1.00000e+00
   5.00000e-01   5.00000e-01   3.28475e-01
   6.00000e-01   5.00000e-01   2.51695e-01
   7.00000e-01   5.00000e-01   2.45634e-01
   8.00000e-01   5.00000e-01   2.42708e-01
   9.00000e-01   5.00000e-01   2.41377e-01
   1.00000e+00   5.00000e-01   2.41000e-01
   1.10000e+00   5.00000e-01   2.41377e-01
   1.20000e+00   5.00000e-01   2.42708e-01
   1.30000e+00   5.00000e-01   2.45634e-01
   1.40000e+00   5.00000e-01   2.51695e-01
   1.50000e+00   5.00000e-01   3.28475e-01
   1.60000e+00   5.00000e-01   1.00000e+00
   1.70000e+00   5.00000e-01   1.00000e+00
   1.80000e+00   5.00000e-01   1.00000e+00
   1.90000e+00   5.00000e-01   1.00000e+00
   2.00000e+00   5.00000e-01   1.00000e+00
   2.10000e+00   5.00000e-01   2.00027e-01

   0.00000e+00   6.00000e-01   1.00000e+00
   1.00000e-01   6.00000e-01   1.00000e+00
   2.00000e-01   6.00000e-01   1.00000e+00
   3.00000e-01   6.00000e-01   1.00000e+00
   4.00000e-01   6.00000e-01   1.00000e+00
   5.00000e-01   6.00000e-01   2.51695e-01
   6.00000e-01   6.00000e-01   2.00032e-01
   7.00000e-01   6.00000e-01   2.00028e-01
   8.00000e-01   6.00000e-01   2.00028e-01
   9.00000e-01   6.00000e-01   2.00028e-01
   1.00000e+00   6.00000e-01   2.00028e-01
   1.10000e+00   6.00000e-01   2.00028e-01
   1.20000e+00   6.00000e-01   2.00028e-01
   1.30000e+00   6.00000e-01   2.00028e-01
   1.40000e+00   6.00000e-01   2.00032e-01
   1.50000e+00   6.00000e-01   2.51695e-01
   1.60000e+00   6.00000e-01   1.00000e+00
   1.70000e+00   6.00000e-01   1.00000e+00
   1.80000e+00   6.00000e-01   1.00000e+00
   1.90000e+00   6.00000e-01   1.00000e+00
   2.00000e+00   6.00000e-01   1.00000e+00
   2.10000e+00   6.00000e-01   2.00027e-01

   0.00000e+00   7.00000e-01   1.00000e+00
   1.00000e-01   7.00000e-01   1.00000e+00
   2.00000e-01   7.00000e-01   1.00000e+00
   3.00000e-01   7.00000e-01   1.00000e+00
   4.00000e-01   7.00000e-01   1.00000e+00
   5.00000e-01   7.00000e-01   2.45634e-01
   6.00000e-01   7.00000e-01   2.00028e-01
   7.00000e-01   7.00000e-01   2.00027e-01
   8.00000e-01   7.00000e-01   2.00027e-01
   9.00000e-01   7.00000e-01   2.00027e-01
   1.00000e+00   7.00000e-01   2.00027e-01
   1.10000e+00   7.00000e-01   2.00027e-01
   1.20000e+00   7.00000e-01   2.00027e-01
   1.30000e+00   7.00000e-01   2.00027e-01
   1.40000e+00   7.00000e-01   2.00028e-01
   1.50000e+00   7.00000e-01   2.45634e-01
   1.60000e+00   7.00000e-01   1.00000e+00
   1.70000e+00   7.00000e-01   1.00000e+00
   1.80000e+00   7.00000e-01   1.00000e+00
   1.90000e+00   7.00000e-01   1.00000e+00
   2.00000e+00   7.00000e-01   1.00000e+00
   2.10000e+00   7.00000e-01   2.00027e-01

   0.00000e+00   8.00000e-01   1.00000e+00
   1.00000e-01   8.00000e-01   1.00000e+00
   2.00000e-01   8.00000e-01   1.00000e+00
   3.00000e-01   8.00000e-01   1.00000e+00
   4.00000e-01   8.00000e-01   1.00000e+00
   5.00000e-01   8.00000e-01   2.42708e-01
   6.00000e-01   8.00000e-01   2.00028e-01
   7.00000e-01   8.00000e-01   2.00027e-01
   8.00000e-01   8.00000e-01   2.00027e-01
   9.00000e-01   8.00000e-01   2.00027e-01
   1.00000e+00   8.00000e-01   2.00027e-01
   1.10000e+00   8.00000e-01   2.00027e-01
   1.20000e+00   8.00000e-01   2.00027e-01
   1.30000e+00   8.00000e-01   2.00027e-01
   1.40000e+00   8.00000e-01   2.00028e-01
   1.50000e+00   8.00000e-01   2.42708e-01
   1.60000e+00   8.00000e-01   1.00000e+00
   1.70000e+00   8.00000e-01   1.00000e+00
   1.80000e+00   8.00000e-01   1.00000e+00
   1.90000e+00   8.00000e-01   1.00000e+00
   2.00000e+00   8.00000e-01   1.00000e+00
   2.10000e+00   8.00000e-01   2.00027e-01

   0.00000e+00   9.00000e-01   1.00000e+00
   1.00000e-01   9.00000e-01   1.00000e+00
   2.00000e-01   9.00000e-01   1.00000e+00
   3.00000e-01   9.00000e-01   1.00000e+00
   4.00000e-01   9.00000e-01   1.00000e+00
   5.00000e-01   9.00000e-01   2.41377e-01
   6.00000e-01   9.00000e-01   2.00028e-01
   7.00000e-01   9.00000e-01   2.00027e-01
   8.00000e-01   9.00000e-01   2.00027e-01
   9.00000e-01   9.00000e-01   2.00027e-01
   1.00000e+00   9.00000e-01   2.00027e-01
   1.10000e+00   9.00000e-01   2.00027e-01
   1.20000e+00   9.00000e-01   2.00027e-01
   1.30000e+00   9.00000e-01   2.00027e-01
   1.40000e+00   9.00000e-01   2.00028e-01
   1.50000e+00   9.00000e-01   2.41377e-01
   1.60000e+00   9.00000e-01   1.00000e+00
   1.70000e+00   9.00000e-01   1.00000e+00
   1.80000e+00   9.00000e-01   1.00000e+00
   1.90000e+00   9.00000e-01   1.00000e+00
   2.00000e+00   9.00000e-01   1.00000e+00
   2.10000e+00   9.00000e-01   2.00027e-01

   0.00000e+00   1.00000e+00   1.00000e+00
   1.00000e-01   1.00000e+00   1.00000e+00
   2.00000e-01   1.00000e+00   1.00000e+00
   3.00000e-01   1.00000e+00   1.00000e+00
   4.00000e-01   1.00000e+00   1.00000e+00
   5.00000e-01   1.00000e+00   2.41000e-01
   6.00000e-01   1.00000e+00   2.00028e-01
   7.00000e-01   1.00000e+00   2.00027e-01
   8.00000e-01   1.00000e+00   2.00027e-01
   9.00000e-01   1.00000e+00   2.00027e-01
   1.00000e+00   1.00000e+00   2.00028e-01
   1.10000e+00   1.00000e+00   2.00027e-01
   1.20000e+00   1.00000e+00   2.00027e-01
   1.30000e+00   1.00000e+00   2.00027e-01
   1.40000e+00   1.00000e+00   2.00028e-01
   1.50000e+00   1.00000e+00   2.41000e-01
   1.60000e+00   1.00000e+00   1.00000e+00
   1.70000e+00   1.00000e+00   1.00000e+00
   1.80000e+00   1.00000e+00   1.00000e+00
   1.90000e+00   1.00000e+00   1.00000e+00
   2.00000e+00   1.00000e+00   1.00000e+00
   2.10000e+00   1.00000e+00   2.00027e-01

   0.00000e+00   1.10000e+00   1.00000e+00
   1.00000e-01   1.10000e+00   1.00000e+00
   2.00000e-01   1.10000e+00   1.00000e+00
   3.00000e-01   1.10000e+00   1.00000e+00
   4.00000e-01   1.10000e+00   1.00000e+00
   5.00000e-01   1.10000e+00   2.41377e-01
   6.00000e-01   1.10000e+00   2.00028e-01
   7.00000e-01   1.10000e+00   2.00027e-01
   8.00000e-01   1.10000e+00   2.00027e-01
   9.00000e-01   1.10000e+00   2.00027e-01
   1.00000e+00   1.10000e+00   2.00027e-01
   1.10000e+00   1.10000e+00   2.00027e-01
   1.20000e+00   1.10000e+00   2.00027e-01
   1.30000e+00   1.10000e+00   2.00027e-01
   1.40000e+00   1.10000e+00   2.00028e-01
   1.50000e+00   1.10000e+00   2.41377e-01
   1.60000e+00   1.10000e+00   1.00000e+00
   1.70000e+00   1.10000e+00   1.00000e+00
   1.80000e+00   1.10000e+00   1.00000e+00
   1.90000e+00   1.10000e+00   1.00000e+00
   2.00000e+00   1.10000e+00   1.00000e+00
   2.10000e+00   1.10000e+00   2.00027e-01

   0.00000e+00   1.20000e+00   1.00000e+00
   1.00000e-01   1.20000e+00   1.00000e+00
   2.00000e-01   1.20000e+00   1.00000e+00
   3.00000e-01   1.20000e+00   1.00000e+00
   4.00000e-01   1.20000e+00   1.00000e+00
   5.00000e-01   1.20000e+00   2.42708e-01
   6.00000e-01   1.20000e+00   2.00028e-01
   7.00000e-01   1.20000e+00   2.00027e-01
   8.00000e-01   1.20000e+00   2.00027e-01
   9.00000e-01   1.20000e+00   2.00027e-01
   1.00000e+00   1.20000e+00   2.00027e-01
   1.10000e+00   1.20000e+00   2.00027e-01
   1.20000e+00   1.20000e+00   2.00027e-01
   1.30000e+00   1.20000e+00   2.00027e-01
   1.40000e+00   1.20000e+00   2.00028e-01
   1.50000e+00   1.20000e+00   2.42708e-01
   1.60000e+00   1.20000e+00   1.00000e+00
   1.70000e+00   1.20000e+00   1.00000e+00
   1.80000e+00   1.20000e+00   1.00000e+00
   1.90000e+00   1.20000e+00   1.00000e+00
   2.00000e+00   1.20000e+00   1.00000e+00
   2.10000e+00   1.20000e+00   2.00027e-01

   0.00000e+00   1.30000e+00   1.00000e+00
   1.00000e-01   1.30000e+00   1.00000e+00
   2.00000e-01   1.30000e+00   1.00000e+00
   3.00000e-01   1.30000e+00   1.00000e+00
   4.00000e-01   1.30000e+00   1.00000e+00
   5.00000e-01   1.30000e+00   2.45634e-01
   6.00000e-01   1.30000e+00   2.00028e-01
   7.00000e-01   1.30000e+00   2.00027e-01
   8.00000e-01   1.30000e+00   2.00027e-01
   9.00000e-01   1.30000e+00   2.00027e-01
   1.00000e+00   1.30000e+00   2.00027e-01
   1.10000e+00   1.30000e+00   2.00027e-01
   1.20000e+00   1.30000e+00   2.00027e-01
   1.30000e+00   1.30000e+00   2.00027e-01
   1.40000e+00   1.30000e+00   2.00028e-01
   1.50000e+00   1.30000e+00   2.45634e-01
   1.60000e+00   1.30000e+00   1.00000e+00
   1.70000e+00   1.30000e+00   1.00000e+00
   1.80000e+00   1.30000e+00   1.00000e+00
   1.90000e+00   1.30000e+00   1.00000e+00
   2.00000e+00   1.30000e+00   1.00000e+00
   2.10000e+00   1.30000e+00   2.00027e-01

   0.00000e+00   1.40000e+00   1.00000e+00
   1.00000e-01   1.40000e+00   1.00000e+00
   2.00000e-01   1.40000e+00   1.00000e+00
   3.00000e-01   1.40000e+00   1.00000e+00
   4.00000e-01   1.40000e+00   1.00000e+00
   5.00000e-01   1.40000e+00   2.51695e-01
   6.00000e-01   1.40000e+00   2.00032e-01
   7.00000e-01   1.40000e+00   2.00028e-01
   8.00000e-01   1.40000e+00   2.00028e-01
   9.00000e-01   1.40000e+00   2.00028e-01
   1.00000e+00   1.40000e+00   2.00028e-01
   1.10000e+00   1.40000e+00   2.00028e-01
   1.20000e+00   1.40000e+00   2.00028e-01
   1.30000e+00   1.40000e+00   2.00028e-01
   1.40000e+00   1.40000e+00   2.00032e-01
   1.50000e+00   1.40000e+00   2.51695e-01
   1.60000e+00   1.40000e+00   1.00000e+00
   1.70000e+00   1.40000e+00   1.00000e+00
   1.80000e+00   1.40000e+00   1.00000e+00
   1.90000e+00   1.40000e+00   1.00000e+00
   2.00000e+00   1.40000e+00   1.00000e+00
   2.10000e+00   1.40000e+00   2.00027e-01

   0.00000e+00   1.50000e+00   1.00000e+00
   1.00000e-01   1.50000e+00   1.00000e+00
   2.00000e-01   1.50000e+00   1.00000e+00
   3.00000e-01   1.50000e+00   1.00000e+00
   4.00000e-01   1.50000e+00   1.00000e+00
   5.00000e-01   1.50000e+00   3.28475e-01
   6.00000e-01   1.50000e+00   2.51695e-01
   7.00000e-01   1.50000e+00   2.45634e-01
   8.00000e-01   1.50000e+00   2.42708e-01
   9.00000e-01   1.50000e+00   2.41377e-01
   1.00000e+00   1.50000e+00   2.41000e-01
   1.10000e+00   1.50000e+00   2.41377e-01
   1.20000e+00   1.50000e+00   2.42708e-01
   1.30000e+00   1.50000e+00   2.45634e-01
   1.40000e+00   1.50000e+00   2.51695e-01
   1.50000e+00   1.50000e+00   3.28475e-01
   1.60000e+00   1.50000e+00   1.00000e+00
   1.70000e+00   1.50000e+00   1.00000e+00
   1.80000e+00   1.50000e+00   1.00000e+00
   1.90000e+00   1.50000e+00   1.00000e+00
   2.00000e+00   1.50000e+00   1.00000e+00
   2.10000e+00   1.50000e+00   2.00027e-01

   0.00000e+00   1.60000e+00   1.00000e+00
   1.00000e-01   1.60000e+00   1.00000e+00
   2.00000e-01   1.60000e+00   1.00000e+00
   3.00000e-01   1.60000e+00   1.00000e+00
   4.00000e-01   1.60000e+00   1.00000e+00
   5.00000e-01   1.60000e+00   1.00000e+00
   6.00000e-01   1.60000e+00   1.00000e+00
   7.00000e-01   1.60000e+00   1.00000e+00
   8.00000e-01   1.60000e+00   1.00000e+00
   9.00000e-01   1.60000e+00   1.00000e+00
   1.00000e+00   1.60000e+00   1.00000e+00
   1.10000e+00   1.60000e+00   1.00000e+00
   1.20000e+00   1.60000e+00   1.00000e+00
   1.30000e+00   1.60000e+00   1.00000e+00
   1.40000e+00   1.60000e+00   1.00000e+00
   1.50000e+00   1.60000e+00   1.00000e+00
   1.60000e+00   1.60000e+00   1.00000e+00
   1.70000e+00   1.60000e+00   1.00000e+00
   1.80000e+00   1.60000e+00   1.00000e+00
   1.90000e+00   1.60000e+00   1.00000e+00
   2.00000e+00   1.60000e+00   1.00000e+00
   2.10000e+00   1.60000e+00   2.00027e-01

   0.00000e+00   1.70000e+00   1.00000e+00
   1.00000e-01   1.70000e+00   1.00000e+00
   2.00000e-01   1.70000e+00   1.00000e+00
   3.00000e-01   1.70000e+00   1.00000e+00
   4.00000e-01   1.70000e+00   1.00000e+00
   5.00000e-01   1.70000e+00   1.00000e+00
   6.00000e-01   1.70000e+00   1.00000e+00
   7.00000e-01   1.70000e+00   1.00000e+00
   8.00000e-01   1.70000e+00   1.00000e+00
   9.00000e-01   1.70000e+00   1.00000e+00
   1.00000e+00   1.70000e+00   1.00000e+00
   1.10000e+00   1.70000e+00   1.00000e+00
   1.20000e+00   1.70000e+00   1.00000e+00
   1.30000e+00   1.70000e+00   1.00000e+00
   1.40000e+00   1.70000e+00   1.00000e+00
   1.50000e+00   1.70000e+00   1.00000e+00
   1.60000e+00   1.70000e+00   1.00000e+00
   1.70000e+00   1.70000e+00   1.00000e+00
   1.80000e+00   1.70000e+00   1.00000e+00
   1.90000e+00   1.70000e+00   1.00000e+00
   2.00000e+00   1.70000e+00   1.00000e+00
   2.10000e+00   1.70000e+00   2.00027e-01

   0.00000e+00   1.80000e+00   1.00000e+00
   1.00000e-01   1.80000e+00   1.00000e+00
   2.00000e-01   1.80000e+00   1.00000e+00
   3.00000e-01   1.80000e+00   1.00000e+00
   4.00000e-01   1.80000e+00   1.00000e+00
   5.00000e-01   1.80000e+00   1.00000e+00
   6.00000e-01   1.80000e+00   1.00000e+00
   7.00000e-01   1.80000e+00   1.00000e+00
   8.00000e-01   1.80000e+00   1.00000e+00
   9.00000e-01   1.80000e+00   1.00000e+00
   1.00000e+00   1.80000e+00   1.00000e+00
   1.10000e+00   1.80000e+00   1.00000e+00
   1.20000e+00   1.80000e+00   1.00000e+00
   1.30000e+00   1.80000e+00   1.00000e+00
   1.40000e+00   1.80000e+00   1.00000e+00
   1.50000e+00   1.80000e+00   1.00000e+00
   1.60000e+00   1.80000e+00   1.00000e+00
   1.70000e+00   1.80000e+00   1.00000e+00
   1.80000e+00   1.80000e+00   1.00000e+00
   1.90000e+00   1.80000e+00   1.00000e+00
   2.00000e+00   1.80000e+00   1.00000e+00
   2.10000e+00   1.80000e+00   2.00027e-01

   0.00000e+00   1.90000e+00   1.00000e+00
   1.00000e-01   1.90000e+00   1.00000e+00
   2.00000e-01   1.90000e+00   1.00000e+00
   3.00000e-01   1.90000e+00   1.00000e+00
   4.00000e-01   1.90000e+00   1.00000e+00
   5.00000e-01   1.90000e+00   1.00000e+00
   6.00000e-01   1.90000e+00   1.00000e+00
   7.00000e-01   1.90000e+00   1.00000e+00
   8.00000e-01   1.90000e+00   1.00000e+00
   9.00000e-01   1.90000e+00   1.00000e+00
   1.00000e+00   1.90000e+00   1.00000e+00
   1.10000e+00   1.90000e+00   1.00000e+00
   1.20000e+00   1.90000e+00   1.00000e+00
   1.30000e+00   1.90000e+00   1.00000e+00
   1.40000e+00   1.90000e+00   1.00000e+00
   1.50000e+00   1.90000e+00   1.00000e+00
   1.60000e+00   1.90000e+00   1.00000e+00
   1.70000e+00   1.90000e+00   1.00000e+00
   1.80000e+00   1.90000e+00   1.00000e+00
   1.90000e+00   1.90000e+00   1.00000e+00
   2.00000e+00   1.90000e+00   1.00000e+00
   2.10000e+00   1.90000e+00   2.00027e-01

   0.00000e+00   2.00000e+00   1.00000e+00
   1.00000e-01   2.00000e+00   1.00000e+00
   2.00000e-01   2.00000e+00   1.00000e+00
   3.00000e-01   2.00000e+00   1.00000e+00
   4.00000e-01   2.00000e+00   1.00000e+00
   5.00000e-01   2.00000e+00   1.00000e+00
   6.00000e-01   2.00000e+00   1.00000e+00
   7.00000e-01   2.00000e+00   1.00000e+00
   8.00000e-01   2.00000e+00   1.00000e+00
   9.00000e-01   2.00000e+00   1.00000e+00
   1.00000e+00   2.00000e+00   1.00000e+00
   1.10000e+00   2.00000e+00   1.00000e+00
   1.20000e+00   2.00000e+00   1.00000e+00
   1.30000e+00   2.00000e+00   1.00000e+00
   1.40000e+00   2.00000e+00   1.00000e+00
   1.50000e+00   2.00000e+00   1.00000e+00
   1.60000e+00   2.00000e+00   1.00000e+00
   1.70000e+00   2.00000e+00   1.00000e+00
   1.80000e+00   2.00000e+00   1.00000e+00
   1.90000e+00   2.00000e+00   1.00000e+00
   2.00000e+00   2.00000e+00   1.00000e+00
   2.10000e+00   2.00000e+00   2.00027e-01

   0.00000e+00   2.10000e+00   2.00027e-01
   1.00000e-01   2.10000e+00   2.00027e-01
   2.00000e-01   2.10000e+00   2.00027e-01
   3.00000e-01   2.10000e+00   2.00027e-01
   4.00000e-01   2.10000e+00   2.00027e-01
   5.00000e-01   2.10000e+00   2.00027e-01
   6.00000e-01   2.10000e+00   2.00027e-01
   7.00000e-01   2.10000e+00   2.00027e-01
   8.00000e-01   2.10000e+00   2.00027e-01
   9.00000e-01   2.10000e+00   2.00027e-01
   1.00000e+00   2.10000e+00   2.00027e-01
   1.10000e+00   2.10000e+00   2.00027e-01
   1.20000e+00   2.10000e+00   2.00027e-01
   1.30000e+00   2.10000e+00   2.00027e-01
   1.40000e+00   2.10000e+00   2.00027e-01
   1.50000e+00   2.10000e+00   2.00027e-01
   1.60000e+00   2.10000e+00   2.00027e-01
   1.70000e+00   2.10000e+00   2.00027e-01
   1.80000e+00   2.10000e+00   2.00027e-01
   1.90000e+00   2.10000e+00   2.00027e-01
   2.00000e+00   2.10000e+00   2.00027e-01
   2.10000e+00   2.10000e+00   2.00027e-01

