PORO                    2.00000e-01
PERM                    1.00000e-12 m2

NUMBER_X_NODES 22
NODES_X
    0.00000e+00    4.76190e+01    9.52381e+01    1.42857e+02    1.90476e+02    2.38095e+02    2.85714e+02    3.33333e+02    3.80952e+02    4.28571e+02    4.76190e+02    5.23810e+02    5.71429e+02    6.19048e+02    6.66667e+02    7.14286e+02    7.61905e+02    8.09524e+02    8.57143e+02    9.04762e+02    9.52381e+02    1.00000e+03
    0.00000e+00    4.76190e+01    9.52381e+01    1.42857e+02    1.90476e+02    2.38095e+02    2.85714e+02    3.33333e+02    3.80952e+02    4.28571e+02    4.76190e+02    5.23810e+02    5.71429e+02    6.19048e+02    6.66667e+02    7.14286e+02    7.61905e+02    8.09524e+02    8.57143e+02    9.04762e+02    9.52381e+02    1.00000e+03
    0.00000e+00    4.76190e+01    9.52381e+01    1.42857e+02    1.90476e+02    2.38095e+02    2.85714e+02    3.33333e+02    3.80952e+02    4.28571e+02    4.76190e+02    5.23810e+02    5.71429e+02    6.19048e+02    6.66667e+02    7.14286e+02    7.61905e+02    8.09524e+02    8.57143e+02    9.04762e+02    9.52381e+02    1.00000e+03
    0.00000e+00    4.76190e+01    9.52381e+01    1.42857e+02    1.90476e+02    2.38095e+02    2.85714e+02    3.33333e+02    3.80952e+02    4.28571e+02    4.76190e+02    5.23810e+02    5.71429e+02    6.19048e+02    6.66667e+02    7.14286e+02    7.61905e+02    8.09524e+02    8.57143e+02    9.04762e+02    9.52381e+02    1.00000e+03
    0.00000e+00    4.76190e+01    9.52381e+01    1.42857e+02    1.90476e+02    2.38095e+02    2.85714e+02    3.33333e+02    3.80952e+02    4.28571e+02    4.76190e+02    5.23810e+02    5.71429e+02    6.19048e+02    6.66667e+02    7.14286e+02    7.61905e+02    8.09524e+02    8.57143e+02    9.04762e+02    9.52381e+02    1.00000e+03
    0.00000e+00    4.76190e+01    9.52381e+01    1.42857e+02    1.90476e+02    2.38095e+02    2.85714e+02    3.33333e+02    3.80952e+02    4.28571e+02    4.76190e+02    5.23810e+02    5.71429e+02    6.19048e+02    6.66667e+02    7.14286e+02    7.61905e+02    8.09524e+02    8.57143e+02    9.04762e+02    9.52381e+02    1.00000e+03
    0.00000e+00    4.76190e+01    9.52381e+01    1.42857e+02    1.90476e+02    2.38095e+02    2.85714e+02    3.33333e+02    3.80952e+02    4.28571e+02    4.76190e+02    5.23810e+02    5.71429e+02    6.19048e+02    6.66667e+02    7.14286e+02    7.61905e+02    8.09524e+02    8.57143e+02    9.04762e+02    9.52381e+02    1.00000e+03
    0.00000e+00    4.76190e+01    9.52381e+01    1.42857e+02    1.90476e+02    2.38095e+02    2.85714e+02    3.33333e+02    3.80952e+02    4.28571e+02    4.76190e+02    5.23810e+02    5.71429e+02    6.19048e+02    6.66667e+02    7.14286e+02    7.61905e+02    8.09524e+02    8.57143e+02    9.04762e+02    9.52381e+02    1.00000e+03
    0.00000e+00    4.76190e+01    9.52381e+01    1.42857e+02    1.90476e+02    2.38095e+02    2.85714e+02    3.33333e+02    3.80952e+02    4.28571e+02    4.76190e+02    5.23810e+02    5.71429e+02    6.19048e+02    6.66667e+02    7.14286e+02    7.61905e+02    8.09524e+02    8.57143e+02    9.04762e+02    9.52381e+02    1.00000e+03
    0.00000e+00    4.76190e+01    9.52381e+01    1.42857e+02    1.90476e+02    2.38095e+02    2.85714e+02    3.33333e+02    3.80952e+02    4.28571e+02    4.76190e+02    5.23810e+02    5.71429e+02    6.19048e+02    6.66667e+02    7.14286e+02    7.61905e+02    8.09524e+02    8.57143e+02    9.04762e+02    9.52381e+02    1.00000e+03
    0.00000e+00    4.76190e+01    9.52381e+01    1.42857e+02    1.90476e+02    2.38095e+02    2.85714e+02    3.33333e+02    3.80952e+02    4.28571e+02    4.76190e+02    5.23810e+02    5.71429e+02    6.19048e+02    6.66667e+02    7.14286e+02    7.61905e+02    8.09524e+02    8.57143e+02    9.04762e+02    9.52381e+02    1.00000e+03
    0.00000e+00    4.76190e+01    9.52381e+01    1.42857e+02    1.90476e+02    2.38095e+02    2.85714e+02    3.33333e+02    3.80952e+02    4.28571e+02    4.76190e+02    5.23810e+02    5.71429e+02    6.19048e+02    6.66667e+02    7.14286e+02    7.61905e+02    8.09524e+02    8.57143e+02    9.04762e+02    9.52381e+02    1.00000e+03
    0.00000e+00    4.76190e+01    9.52381e+01    1.42857e+02    1.90476e+02    2.38095e+02    2.85714e+02    3.33333e+02    3.80952e+02    4.28571e+02    4.76190e+02    5.23810e+02    5.71429e+02    6.19048e+02    6.66667e+02    7.14286e+02    7.61905e+02    8.09524e+02    8.57143e+02    9.04762e+02    9.52381e+02    1.00000e+03
    0.00000e+00    4.76190e+01    9.52381e+01    1.42857e+02    1.90476e+02    2.38095e+02    2.85714e+02    3.33333e+02    3.80952e+02    4.28571e+02    4.76190e+02    5.23810e+02    5.71429e+02    6.19048e+02    6.66667e+02    7.14286e+02    7.61905e+02    8.09524e+02    8.57143e+02    9.04762e+02    9.52381e+02    1.00000e+03
    0.00000e+00    4.76190e+01    9.52381e+01    1.42857e+02    1.90476e+02    2.38095e+02    2.85714e+02    3.33333e+02    3.80952e+02    4.28571e+02    4.76190e+02    5.23810e+02    5.71429e+02    6.19048e+02    6.66667e+02    7.14286e+02    7.61905e+02    8.09524e+02    8.57143e+02    9.04762e+02    9.52381e+02    1.00000e+03
    0.00000e+00    4.76190e+01    9.52381e+01    1.42857e+02    1.90476e+02    2.38095e+02    2.85714e+02    3.33333e+02    3.80952e+02    4.28571e+02    4.76190e+02    5.23810e+02    5.71429e+02    6.19048e+02    6.66667e+02    7.14286e+02    7.61905e+02    8.09524e+02    8.57143e+02    9.04762e+02    9.52381e+02    1.00000e+03
    0.00000e+00    4.76190e+01    9.52381e+01    1.42857e+02    1.90476e+02    2.38095e+02    2.85714e+02    3.33333e+02    3.80952e+02    4.28571e+02    4.76190e+02    5.23810e+02    5.71429e+02    6.19048e+02    6.66667e+02    7.14286e+02    7.61905e+02    8.09524e+02    8.57143e+02    9.04762e+02    9.52381e+02    1.00000e+03
    0.00000e+00    4.76190e+01    9.52381e+01    1.42857e+02    1.90476e+02    2.38095e+02    2.85714e+02    3.33333e+02    3.80952e+02    4.28571e+02    4.76190e+02    5.23810e+02    5.71429e+02    6.19048e+02    6.66667e+02    7.14286e+02    7.61905e+02    8.09524e+02    8.57143e+02    9.04762e+02    9.52381e+02    1.00000e+03
    0.00000e+00    4.76190e+01    9.52381e+01    1.42857e+02    1.90476e+02    2.38095e+02    2.85714e+02    3.33333e+02    3.80952e+02    4.28571e+02    4.76190e+02    5.23810e+02    5.71429e+02    6.19048e+02    6.66667e+02    7.14286e+02    7.61905e+02    8.09524e+02    8.57143e+02    9.04762e+02    9.52381e+02    1.00000e+03
    0.00000e+00    4.76190e+01    9.52381e+01    1.42857e+02    1.90476e+02    2.38095e+02    2.85714e+02    3.33333e+02    3.80952e+02    4.28571e+02    4.76190e+02    5.23810e+02    5.71429e+02    6.19048e+02    6.66667e+02    7.14286e+02    7.61905e+02    8.09524e+02    8.57143e+02    9.04762e+02    9.52381e+02    1.00000e+03
    0.00000e+00    4.76190e+01    9.52381e+01    1.42857e+02    1.90476e+02    2.38095e+02    2.85714e+02    3.33333e+02    3.80952e+02    4.28571e+02    4.76190e+02    5.23810e+02    5.71429e+02    6.19048e+02    6.66667e+02    7.14286e+02    7.61905e+02    8.09524e+02    8.57143e+02    9.04762e+02    9.52381e+02    1.00000e+03
    0.00000e+00    4.76190e+01    9.52381e+01    1.42857e+02    1.90476e+02    2.38095e+02    2.85714e+02    3.33333e+02    3.80952e+02    4.28571e+02    4.76190e+02    5.23810e+02    5.71429e+02    6.19048e+02    6.66667e+02    7.14286e+02    7.61905e+02    8.09524e+02    8.57143e+02    9.04762e+02    9.52381e+02    1.00000e+03
\ m

NODES_Y
    0.00000e+00    0.00000e+00    0.00000e+00    0.00000e+00    0.00000e+00    0.00000e+00    0.00000e+00    0.00000e+00    0.00000e+00    0.00000e+00    0.00000e+00    0.00000e+00    0.00000e+00    0.00000e+00    0.00000e+00    0.00000e+00    0.00000e+00    0.00000e+00    0.00000e+00    0.00000e+00    0.00000e+00    0.00000e+00
    4.76190e+01    4.76190e+01    4.76190e+01    4.76190e+01    4.76190e+01    4.76190e+01    4.76190e+01    4.76190e+01    4.76190e+01    4.76190e+01    4.76190e+01    4.76190e+01    4.76190e+01    4.76190e+01    4.76190e+01    4.76190e+01    4.76190e+01    4.76190e+01    4.76190e+01    4.76190e+01    4.76190e+01    4.76190e+01
    9.52381e+01    9.52381e+01    9.52381e+01    9.52381e+01    9.52381e+01    9.52381e+01    9.52381e+01    9.52381e+01    9.52381e+01    9.52381e+01    9.52381e+01    9.52381e+01    9.52381e+01    9.52381e+01    9.52381e+01    9.52381e+01    9.52381e+01    9.52381e+01    9.52381e+01    9.52381e+01    9.52381e+01    9.52381e+01
    1.42857e+02    1.42857e+02    1.42857e+02    1.42857e+02    1.42857e+02    1.42857e+02    1.42857e+02    1.42857e+02    1.42857e+02    1.42857e+02    1.42857e+02    1.42857e+02    1.42857e+02    1.42857e+02    1.42857e+02    1.42857e+02    1.42857e+02    1.42857e+02    1.42857e+02    1.42857e+02    1.42857e+02    1.42857e+02
    1.90476e+02    1.90476e+02    1.90476e+02    1.90476e+02    1.90476e+02    1.90476e+02    1.90476e+02    1.90476e+02    1.90476e+02    1.90476e+02    1.90476e+02    1.90476e+02    1.90476e+02    1.90476e+02    1.90476e+02    1.90476e+02    1.90476e+02    1.90476e+02    1.90476e+02    1.90476e+02    1.90476e+02    1.90476e+02
    2.38095e+02    2.38095e+02    2.38095e+02    2.38095e+02    2.38095e+02    2.38095e+02    2.38095e+02    2.38095e+02    2.38095e+02    2.38095e+02    2.38095e+02    2.38095e+02    2.38095e+02    2.38095e+02    2.38095e+02    2.38095e+02    2.38095e+02    2.38095e+02    2.38095e+02    2.38095e+02    2.38095e+02    2.38095e+02
    2.85714e+02    2.85714e+02    2.85714e+02    2.85714e+02    2.85714e+02    2.85714e+02    2.85714e+02    2.85714e+02    2.85714e+02    2.85714e+02    2.85714e+02    2.85714e+02    2.85714e+02    2.85714e+02    2.85714e+02    2.85714e+02    2.85714e+02    2.85714e+02    2.85714e+02    2.85714e+02    2.85714e+02    2.85714e+02
    3.33333e+02    3.33333e+02    3.33333e+02    3.33333e+02    3.33333e+02    3.33333e+02    3.33333e+02    3.33333e+02    3.33333e+02    3.33333e+02    3.33333e+02    3.33333e+02    3.33333e+02    3.33333e+02    3.33333e+02    3.33333e+02    3.33333e+02    3.33333e+02    3.33333e+02    3.33333e+02    3.33333e+02    3.33333e+02
    3.80952e+02    3.80952e+02    3.80952e+02    3.80952e+02    3.80952e+02    3.80952e+02    3.80952e+02    3.80952e+02    3.80952e+02    3.80952e+02    3.80952e+02    3.80952e+02    3.80952e+02    3.80952e+02    3.80952e+02    3.80952e+02    3.80952e+02    3.80952e+02    3.80952e+02    3.80952e+02    3.80952e+02    3.80952e+02
    4.28571e+02    4.28571e+02    4.28571e+02    4.28571e+02    4.28571e+02    4.28571e+02    4.28571e+02    4.28571e+02    4.28571e+02    4.28571e+02    4.28571e+02    4.28571e+02    4.28571e+02    4.28571e+02    4.28571e+02    4.28571e+02    4.28571e+02    4.28571e+02    4.28571e+02    4.28571e+02    4.28571e+02    4.28571e+02
    4.76190e+02    4.76190e+02    4.76190e+02    4.76190e+02    4.76190e+02    4.76190e+02    4.76190e+02    4.76190e+02    4.76190e+02    4.76190e+02    4.76190e+02    4.76190e+02    4.76190e+02    4.76190e+02    4.76190e+02    4.76190e+02    4.76190e+02    4.76190e+02    4.76190e+02    4.76190e+02    4.76190e+02    4.76190e+02
    5.23810e+02    5.23810e+02    5.23810e+02    5.23810e+02    5.23810e+02    5.23810e+02    5.23810e+02    5.23810e+02    5.23810e+02    5.23810e+02    5.23810e+02    5.23810e+02    5.23810e+02    5.23810e+02    5.23810e+02    5.23810e+02    5.23810e+02    5.23810e+02    5.23810e+02    5.23810e+02    5.23810e+02    5.23810e+02
    5.71429e+02    5.71429e+02    5.71429e+02    5.71429e+02    5.71429e+02    5.71429e+02    5.71429e+02    5.71429e+02    5.71429e+02    5.71429e+02    5.71429e+02    5.71429e+02    5.71429e+02    5.71429e+02    5.71429e+02    5.71429e+02    5.71429e+02    5.71429e+02    5.71429e+02    5.71429e+02    5.71429e+02    5.71429e+02
    6.19048e+02    6.19048e+02    6.19048e+02    6.19048e+02    6.19048e+02    6.19048e+02    6.19048e+02    6.19048e+02    6.19048e+02    6.19048e+02    6.19048e+02    6.19048e+02    6.19048e+02    6.19048e+02    6.19048e+02    6.19048e+02    6.19048e+02    6.19048e+02    6.19048e+02    6.19048e+02    6.19048e+02    6.19048e+02
    6.66667e+02    6.66667e+02    6.66667e+02    6.66667e+02    6.66667e+02    6.66667e+02    6.66667e+02    6.66667e+02    6.66667e+02    6.66667e+02    6.66667e+02    6.66667e+02    6.66667e+02    6.66667e+02    6.66667e+02    6.66667e+02    6.66667e+02    6.66667e+02    6.66667e+02    6.66667e+02    6.66667e+02    6.66667e+02
    7.14286e+02    7.14286e+02    7.14286e+02    7.14286e+02    7.14286e+02    7.14286e+02    7.14286e+02    7.14286e+02    7.14286e+02    7.14286e+02    7.14286e+02    7.14286e+02    7.14286e+02    7.14286e+02    7.14286e+02    7.14286e+02    7.14286e+02    7.14286e+02    7.14286e+02    7.14286e+02    7.14286e+02    7.14286e+02
    7.61905e+02    7.61905e+02    7.61905e+02    7.61905e+02    7.61905e+02    7.61905e+02    7.61905e+02    7.61905e+02    7.61905e+02    7.61905e+02    7.61905e+02    7.61905e+02    7.61905e+02    7.61905e+02    7.61905e+02    7.61905e+02    7.61905e+02    7.61905e+02    7.61905e+02    7.61905e+02    7.61905e+02    7.61905e+02
    8.09524e+02    8.09524e+02    8.09524e+02    8.09524e+02    8.09524e+02    8.09524e+02    8.09524e+02    8.09524e+02    8.09524e+02    8.09524e+02    8.09524e+02    8.09524e+02    8.09524e+02    8.09524e+02    8.09524e+02    8.09524e+02    8.09524e+02    8.09524e+02    8.09524e+02    8.09524e+02    8.09524e+02    8.09524e+02
    8.57143e+02    8.57143e+02    8.57143e+02    8.57143e+02    8.57143e+02    8.57143e+02    8.57143e+02    8.57143e+02    8.57143e+02    8.57143e+02    8.57143e+02    8.57143e+02    8.57143e+02    8.57143e+02    8.57143e+02    8.57143e+02    8.57143e+02    8.57143e+02    8.57143e+02    8.57143e+02    8.57143e+02    8.57143e+02
    9.04762e+02    9.04762e+02    9.04762e+02    9.04762e+02    9.04762e+02    9.04762e+02    9.04762e+02    9.04762e+02    9.04762e+02    9.04762e+02    9.04762e+02    9.04762e+02    9.04762e+02    9.04762e+02    9.04762e+02    9.04762e+02    9.04762e+02    9.04762e+02    9.04762e+02    9.04762e+02    9.04762e+02    9.04762e+02
    9.52381e+02    9.52381e+02    9.52381e+02    9.52381e+02    9.52381e+02    9.52381e+02    9.52381e+02    9.52381e+02    9.52381e+02    9.52381e+02    9.52381e+02    9.52381e+02    9.52381e+02    9.52381e+02    9.52381e+02    9.52381e+02    9.52381e+02    9.52381e+02    9.52381e+02    9.52381e+02    9.52381e+02    9.52381e+02
    1.00000e+03    1.00000e+03    1.00000e+03    1.00000e+03    1.00000e+03    1.00000e+03    1.00000e+03    1.00000e+03    1.00000e+03    1.00000e+03    1.00000e+03    1.00000e+03    1.00000e+03    1.00000e+03    1.00000e+03    1.00000e+03    1.00000e+03    1.00000e+03    1.00000e+03    1.00000e+03    1.00000e+03    1.00000e+03
\ m
